eil51.txt:
	Best Cicle :  [0, 31, 10, 37, 4, 48, 9, 38, 32, 44, 14, 43, 36, 16, 11, 45, 50, 46, 17, 3, 41, 18, 39, 40, 12, 24, 13, 5, 26, 47, 22, 23, 42, 6, 25, 7, 30, 27, 2, 35, 34, 19, 28, 20, 33, 29, 8, 49, 15, 1, 21, 0]
	Best Path Length : 437
	Optimum Length : 426

fricker26.txt:
	Best Cicle :  [0, 1, 2, 3, 5, 4, 6, 7, 8, 9, 13, 14, 11, 12, 10, 15, 18, 19, 17, 16, 20, 21, 25, 22, 23, 24, 0]
	Best Path Length :937
	Optimum Length : 937

berlin52.txt:          
	Best Cicle :   [0, 48, 31, 44, 18, 40, 7, 8, 9, 42, 32, 50, 10, 51, 13, 12, 46, 25, 26, 27, 11, 24, 45, 47, 23, 4, 5, 3, 14, 37, 36, 39, 38, 35, 34, 33, 43, 15, 28, 49, 19, 22, 29, 1, 6, 41, 20, 16, 2, 17, 30, 21, 0]
	Best Path Length :  7661
	Optimum Length : 7542

st70.txt:
	Best Cicle :   [0, 35, 28, 12, 69, 30, 68, 34, 58, 37, 22, 21, 62, 65, 52, 5, 40, 41, 17, 3, 1, 56, 14, 23, 18, 54, 48, 25, 7, 6, 31, 2, 27, 13, 19, 29, 43, 67, 42, 16, 8, 26, 45, 24, 44, 39, 60, 38, 61, 53, 47, 66, 
                                 55, 10, 63, 64, 50, 32, 20, 33, 11, 59, 51, 9, 4, 49, 57, 36, 46, 15, 0]
	Best Path Length : 737
	Optimum Length : 675 

medium8.txt:
	Best Cicle :   [0, 3, 1, 7, 2, 6, 5, 4, 0]
	Best Path Length : 33
	Optimum Length : 33
